1.0 -1.6653345369377347e-17
0.9916666666666667 0.0012047295427785071
0.9833333333333333 0.002396569087514955
0.975 0.0035757389872272337
0.9666666666666667 0.004742451546136514
0.9583333333333334 0.005896910993832735
0.95 0.007039313458426857
0.9416666666666667 0.008169846938640578
0.9333333333333333 0.009288691274782804
0.925 0.010396018118556657
0.9166666666666666 0.011491990901640006
0.9083333333333333 0.012576764802977343
0.9 0.01365048671471849
0.8916666666666667 0.014713295206734521
0.8833333333333333 0.015765320489637597
0.875 0.016806684376227465
0.8666666666666667 0.017837500241281404
0.8583333333333333 0.018857872979600034
0.85 0.0198678989622155
0.8416666666666667 0.02086766599066302
0.8333333333333334 0.021857253249209712
0.825 0.02283673125492815
0.8166666666666667 0.02380616180549451
0.8083333333333333 0.02476559792458387
0.8 0.02571508380472501
0.7916666666666666 0.026654654747469624
0.7833333333333333 0.027584337100719804
0.775 0.028504148193046783
0.7666666666666667 0.02941409626482302
0.7583333333333333 0.03031418039597613
0.75 0.031204390430159896
0.7416666666666667 0.03208470689512339
0.7333333333333333 0.03295510091904187
0.725 0.03381553414255643
0.7166666666666667 0.034665958626250826
0.7083333333333334 0.03550631675327207
0.7 0.036336541126780204
0.6916666666666667 0.03715655446188725
0.6833333333333333 0.037966269471719175
0.675 0.03876558874720545
0.6666666666666666 0.03955440463016882
0.6583333333333333 0.04033259907925338
0.65 0.041100043528190355
0.6416666666666667 0.041856598735859916
0.6333333333333333 0.0426021146275607
0.625 0.043336430126848756
0.6166666666666667 0.04405937297725186
0.6083333333333333 0.044770759553104104
0.6 0.04547039465867784
0.5916666666666667 0.04615807131471637
0.5833333333333334 0.04683357053138702
0.575 0.047496661066584324
0.5666666666666667 0.048147099168410507
0.5583333333333333 0.048784628300549235
0.55 0.04940897884912213
0.5416666666666666 0.05001986780947947
0.5333333333333333 0.05061699845121965
0.525 0.05120005995955932
0.5166666666666667 0.05176872705098077
0.5083333333333333 0.05232265956086459
0.5 0.05286150200057158
0.49166666666666664 0.05338488308116022
0.48333333333333334 0.05389241520061621
0.475 0.0543836938911176
0.4666666666666667 0.054858297222462105
0.4583333333333333 0.05531578515733009
0.45 0.055755698853543756
0.44166666666666665 0.056177559907897655
0.43333333333333335 0.056580869535466316
0.425 0.05696510767752997
0.4166666666666667 0.057329732030379665
0.4083333333333333 0.057674176986252365
0.4 0.05799785247647902
0.39166666666666666 0.05830014270557862
0.38333333333333336 0.05858040476346376
0.375 0.05883796710109883
0.36666666666666664 0.05907212785282247
0.35833333333333334 0.059282152986049774
0.35 0.05946727425613654
0.3416666666666667 0.0596266869407274
0.3333333333333333 0.0597595473238103
0.325 0.05986496989483023
0.31666666666666665 0.05994202422239708
0.30833333333333335 0.059989731455153295
0.3 0.06000706039397028
0.2916666666666667 0.05999292306948504
0.2833333333333333 0.05994616974663706
0.275 0.05986558326276539
0.26666666666666666 0.0597498725872667
0.25833333333333336 0.059597665467865914
0.25 0.0594075
0.24166666666666667 0.059177814920059
0.23333333333333334 0.05890693837813214
0.225 0.05859307488860925
0.21666666666666667 0.05823429008360367
0.20833333333333334 0.057828492799373396
0.2 0.0573734139023625
0.19166666666666668 0.0568665810988467
0.18333333333333332 0.05630528875581723
0.175 0.055686561469640114
0.16666666666666666 0.055007109722491815
0.15833333333333333 0.054263275419104424
0.15 0.05345096432933892
0.14166666666666666 0.05256556137008488
0.13333333333333333 0.051601823077461674
0.125 0.050553739281535795
0.11666666666666667 0.04941435246308291
0.10833333333333334 0.0481755178036128
0.1 0.046827578238239506
0.09166666666666666 0.0453589145317353
0.08333333333333333 0.043755306069312556
0.075 0.04199899485323514
0.06666666666666667 0.040067264589929645
0.058333333333333334 0.037930187155501255
0.05 0.03554684895118126
0.041666666666666664 0.03285857728601443
0.03333333333333333 0.029775606501693797
0.025 0.02614719815036976
0.016666666666666666 0.02167996003570556
0.008333333333333333 0.01561733114783764
0.0 0.0
0.008333333333333333 -0.01561733114783764
0.016666666666666666 -0.02167996003570556
0.025 -0.02614719815036976
0.03333333333333333 -0.029775606501693797
0.041666666666666664 -0.03285857728601443
0.05 -0.03554684895118126
0.058333333333333334 -0.037930187155501255
0.06666666666666667 -0.040067264589929645
0.075 -0.04199899485323514
0.08333333333333333 -0.043755306069312556
0.09166666666666666 -0.0453589145317353
0.1 -0.046827578238239506
0.10833333333333334 -0.0481755178036128
0.11666666666666667 -0.04941435246308291
0.125 -0.050553739281535795
0.13333333333333333 -0.051601823077461674
0.14166666666666666 -0.05256556137008488
0.15 -0.05345096432933892
0.15833333333333333 -0.054263275419104424
0.16666666666666666 -0.055007109722491815
0.175 -0.055686561469640114
0.18333333333333332 -0.05630528875581723
0.19166666666666668 -0.0568665810988467
0.2 -0.0573734139023625
0.20833333333333334 -0.057828492799373396
0.21666666666666667 -0.05823429008360367
0.225 -0.05859307488860925
0.23333333333333334 -0.05890693837813214
0.24166666666666667 -0.059177814920059
0.25 -0.0594075
0.25833333333333336 -0.059597665467865914
0.26666666666666666 -0.0597498725872667
0.275 -0.05986558326276539
0.2833333333333333 -0.05994616974663706
0.2916666666666667 -0.05999292306948504
0.3 -0.06000706039397028
0.30833333333333335 -0.059989731455153295
0.31666666666666665 -0.05994202422239708
0.325 -0.05986496989483023
0.3333333333333333 -0.0597595473238103
0.3416666666666667 -0.0596266869407274
0.35 -0.05946727425613654
0.35833333333333334 -0.059282152986049774
0.36666666666666664 -0.05907212785282247
0.375 -0.05883796710109883
0.38333333333333336 -0.05858040476346376
0.39166666666666666 -0.05830014270557862
0.4 -0.05799785247647902
0.4083333333333333 -0.057674176986252365
0.4166666666666667 -0.057329732030379665
0.425 -0.05696510767752997
0.43333333333333335 -0.056580869535466316
0.44166666666666665 -0.056177559907897655
0.45 -0.055755698853543756
0.4583333333333333 -0.05531578515733009
0.4666666666666667 -0.054858297222462105
0.475 -0.0543836938911176
0.48333333333333334 -0.05389241520061621
0.49166666666666664 -0.05338488308116022
0.5 -0.05286150200057158
0.5083333333333333 -0.05232265956086459
0.5166666666666667 -0.05176872705098077
0.525 -0.05120005995955932
0.5333333333333333 -0.05061699845121965
0.5416666666666666 -0.05001986780947947
0.55 -0.04940897884912213
0.5583333333333333 -0.048784628300549235
0.5666666666666667 -0.048147099168410507
0.575 -0.047496661066584324
0.5833333333333334 -0.04683357053138702
0.5916666666666667 -0.04615807131471637
0.6 -0.04547039465867784
0.6083333333333333 -0.044770759553104104
0.6166666666666667 -0.04405937297725186
0.625 -0.043336430126848756
0.6333333333333333 -0.0426021146275607
0.6416666666666667 -0.041856598735859916
0.65 -0.041100043528190355
0.6583333333333333 -0.04033259907925338
0.6666666666666666 -0.03955440463016882
0.675 -0.03876558874720545
0.6833333333333333 -0.037966269471719175
0.6916666666666667 -0.03715655446188725
0.7 -0.036336541126780204
0.7083333333333334 -0.03550631675327207
0.7166666666666667 -0.034665958626250826
0.725 -0.03381553414255643
0.7333333333333333 -0.03295510091904187
0.7416666666666667 -0.03208470689512339
0.75 -0.031204390430159896
0.7583333333333333 -0.03031418039597613
0.7666666666666667 -0.02941409626482302
0.775 -0.028504148193046783
0.7833333333333333 -0.027584337100719804
0.7916666666666666 -0.026654654747469624
0.8 -0.02571508380472501
0.8083333333333333 -0.02476559792458387
0.8166666666666667 -0.02380616180549451
0.825 -0.02283673125492815
0.8333333333333334 -0.021857253249209712
0.8416666666666667 -0.02086766599066302
0.85 -0.0198678989622155
0.8583333333333333 -0.018857872979600034
0.8666666666666667 -0.017837500241281404
0.875 -0.016806684376227465
0.8833333333333333 -0.015765320489637597
0.8916666666666667 -0.014713295206734521
0.9 -0.01365048671471849
0.9083333333333333 -0.012576764802977343
0.9166666666666666 -0.011491990901640006
0.925 -0.010396018118556657
0.9333333333333333 -0.009288691274782804
0.9416666666666667 -0.008169846938640578
0.95 -0.007039313458426857
0.9583333333333334 -0.005896910993832735
0.9666666666666667 -0.004742451546136514
0.975 -0.0035757389872272337
0.9833333333333333 -0.002396569087514955
0.9916666666666667 -0.0012047295427785071
1.0 1.6653345369377347e-17
